0   0
1   1
2   1
3   2
4   4
5   21
6   84
7   264
8   911
9   3283
10   10333
11   26697
12   54123
13   88025
14   122946
15   154897
16   183142
17   206590
18   225885
19   241821
20   254664
21   265185
22   273684
23   280571
24   286312
25   291042
26   295086
27   298434
28   301196
29   303535
30   305458
31   307067
32   308449
33   309625
34   310643
35   311498
36   312245
37   312856
38   313405
39   313850
40   314278
41   314604
42   314916
43   315195
44   315430
45   315625
46   315802
47   315970
48   316101
49   316228
50   316343
51   316413
52   316491
53   316572
54   316629
55   316702
56   316746
57   316778
58   316812
59   316853
60   316880
61   316906
62   316931
63   316944
64   316962
65   316975
66   316992
67   317001
68   317010
69   317015
70   317024
71   317030
72   317036
73   317043
74   317045
75   317048
76   317049
77   317053
78   317059
79   317064
80   317064
81   317067
82   317068
83   317073
84   317075
85   317077
86   317077
87   317079
88   317080
89   317080
90   317080
