0   0
1   1
2   2
3   6
4   20
5   64
6   201
7   736
8   1911
9   3651
10   5387
11   6851
12   7843
13   8489
14   8884
15   9150
16   9342
17   9499
18   9605
19   9682
20   9753
21   9798
22   9833
23   9858
24   9878
25   9890
26   9912
27   9925
28   9939
29   9950
30   9954
31   9961
32   9967
33   9971
34   9973
35   9978
36   9979
37   9985
38   9988
39   9991
40   9994
41   9996
42   9996
43   9997
44   9997
45   9999
46   10000
47   10000
48   10000
49   10000
50   10000
51   10001
52   10002
53   10002
54   10002
55   10002
56   10002
57   10002
58   10002
59   10002
60   10002
61   10002
62   10002
63   10002
64   10002
65   10002
66   10002
67   10002
68   10002
69   10002
70   10002
71   10002
72   10002
73   10002
74   10002
75   10002
76   10002
77   10002
78   10002
79   10002
80   10002
81   10002
82   10002
83   10002
84   10002
85   10002
86   10002
87   10002
88   10002
89   10002
90   10002
