0   0
1   2
2   3
3   6
4   10
5   17
6   28
7   40
8   66
9   127
10   252
11   511
12   1035
13   1886
14   3125
15   4614
16   6100
17   7313
18   8148
19   8718
20   9086
21   9339
22   9500
23   9605
24   9676
25   9726
26   9764
27   9800
28   9828
29   9848
30   9865
31   9874
32   9883
33   9889
34   9895
35   9898
36   9904
37   9908
38   9912
39   9913
40   9916
41   9917
42   9917
43   9918
44   9920
45   9921
46   9921
47   9921
48   9921
49   9921
50   9922
51   9922
52   9923
53   9923
54   9923
55   9924
56   9924
57   9924
58   9924
59   9924
60   9924
61   9924
62   9924
63   9924
64   9924
65   9924
66   9924
67   9924
68   9924
69   9924
70   9924
71   9924
72   9924
73   9924
74   9924
75   9924
76   9924
77   9924
78   9924
79   9924
80   9924
81   9924
82   9924
83   9924
84   9924
85   9924
86   9924
87   9924
88   9924
89   9924
90   9924
