0   0
1   2
2   2
3   3
4   3
5   5
6   6
7   7
8   7
9   7
10   10
11   11
12   19
13   51
14   171
15   534
16   2103
17   6174
18   13314
19   22149
20   31544
21   40757
22   49238
23   56797
24   63434
25   69094
26   74223
27   78581
28   82373
29   85626
30   88412
31   90892
32   92995
33   94802
34   96391
35   97752
36   98937
37   99913
38   100872
39   101700
40   102398
41   103015
42   103591
43   104084
44   104509
45   104893
46   105219
47   105514
48   105757
49   105999
50   106231
51   106410
52   106555
53   106708
54   106816
55   106951
56   107062
57   107174
58   107257
59   107330
60   107403
61   107456
62   107511
63   107559
64   107599
65   107639
66   107668
67   107702
68   107721
69   107738
70   107757
71   107773
72   107784
73   107800
74   107811
75   107819
76   107832
77   107839
78   107841
79   107847
80   107850
81   107853
82   107855
83   107859
84   107860
85   107865
86   107865
87   107867
88   107868
89   107869
90   107869
