0   0
1   1
2   1
3   1
4   1
5   3
6   3
7   4
8   6
9   10
10   20
11   62
12   203
13   574
14   1090
15   1601
16   2104
17   2517
18   2890
19   3161
20   3394
21   3572
22   3714
23   3822
24   3922
25   4003
26   4069
27   4120
28   4167
29   4198
30   4223
31   4249
32   4275
33   4296
34   4309
35   4323
36   4340
37   4346
38   4355
39   4361
40   4368
41   4371
42   4375
43   4377
44   4380
45   4383
46   4387
47   4390
48   4393
49   4394
50   4396
51   4396
52   4398
53   4399
54   4400
55   4401
56   4404
57   4405
58   4405
59   4406
60   4407
61   4408
62   4408
63   4409
64   4409
65   4409
66   4409
67   4409
68   4409
69   4409
70   4409
71   4409
72   4409
73   4409
74   4409
75   4409
76   4409
77   4409
78   4409
79   4409
80   4409
81   4409
82   4409
83   4410
84   4410
85   4410
86   4410
87   4410
88   4410
89   4410
90   4410
