0   0
1   1
2   1
3   1
4   1
5   1
6   1
7   1
8   2
9   4
10   5
11   7
12   12
13   18
14   40
15   79
16   142
17   280
18   496
19   787
20   1148
21   1537
22   1915
23   2310
24   2663
25   3004
26   3294
27   3513
28   3686
29   3819
30   3950
31   4044
32   4120
33   4185
34   4234
35   4286
36   4328
37   4366
38   4384
39   4411
40   4429
41   4442
42   4464
43   4474
44   4476
45   4482
46   4488
47   4494
48   4500
49   4507
50   4514
51   4519
52   4520
53   4522
54   4526
55   4528
56   4531
57   4536
58   4538
59   4541
60   4544
61   4545
62   4546
63   4549
64   4552
65   4553
66   4553
67   4555
68   4557
69   4558
70   4559
71   4560
72   4560
73   4560
74   4562
75   4562
76   4562
77   4562
78   4562
79   4562
80   4562
81   4563
82   4563
83   4563
84   4563
85   4563
86   4563
87   4563
88   4563
89   4563
90   4563
